356,91
356,78
356,45
356,23
356,22
356,1
356,21
356,7
356,2
348,4
348,1
345,30
345,29
345,28
345,26
345,2
345,1
345,0
344,95
344,94
344,92
344,91
344,90
344,89
344,88
344,87
344,84
344,83
344,82
344,79
344,77
344,73
344,71
344,69
344,64
344,59
344,51
344,50
344,44
344,41
344,31
344,30
344,26
344,25
344,21
344,20
344,12
344,8
344,7
344,4
344,2
344,1
344,0
330,3
1949,2
1949,1
1949,3
0,335
0,519
330,1
309,664
309,663
309,662
309,661
309,660
309,659
309,658
309,657
309,656
309,655
309,654
309,653
309,652
309,651
309,650
309,649
309,648
309,647
309,646
309,645
309,644
309,643
309,642
309,641
309,640
309,639
309,638
309,637
309,636
309,635
309,634
309,633
309,632
309,631
309,630
309,629
309,628
309,627
309,626
309,1
20,3
20,2
20,1
19,3
19,2
19,1
18,3
18,2
18,1
14,82
14,81
14,76
14,65
14,64
14,22
14,21
14,19
14,6
14,5
14,3
14,1
13,4
13,1
0,573
0,569
0,563
0,562
0,557
0,553
0,539
0,531
0,528
0,525
0,523
0,517
0,516
0,513
0,512
0,427
0,413
0,406
0,399
0,396
0,386
0,375
0,345
0,322
0,320
0,318
0,313
0,310
0,281
0,0
1956,34
1956,33
1956,32
1956,31
1956,30
1956,29
1956,28
1956,27
1956,26
1956,25
1956,24
1956,23
1956,22
1956,21
1956,20
1956,19
1956,18
1956,17
1956,16
1956,15
1956,14
1956,13
1956,12
1956,11
1956,10
1956,9
1956,8
1956,7
1956,6
1956,5
1956,4
1956,3
1956,2
1956,0
0,501
0,499
0,454
0,500
0,496
0,484
0,481
0,458
0,451
0,468
0,494
0,471
